-2504306
-2504306
-2504560
-2504560
-2504560
-2570353
-2570351
-2570351
-2636142
-2636142
-2701935
-2767471
-2833263
-2833263
-2899054
-2899054
-2964847
-2965101
-3030894
-3030892
-3227501
-3227501
-3293549
-3293549
-3359340
-3359340
-3425131
-3490924
-3556458
-3622251
-3622249
-3688042
-3754090
-3819883
-3885161
-3819879
-3885672
-3951208
-4016999
-4016999
-4213863
-4213861
-4279654
-4279654
-4345445
-4345445
-4411492
-4411492
-4411490
-4411490
-4477025
-4477025
-4477023
-4477023
-4673632
-4673632
-4608093
-4608093
-4608091
-4608091
-4608091
-4608091
-4608090
-4608090
-4608344
-4608344
-4608342
-4608342
-4542036
-4476497
-4344911
-4279118
-4212811
-4081479
-3949893
-3752514
-3685951
-3488570
-3291191
-3093810
-2961967
-2764588
-2501416
-2304035
-2237472
-2040093
-1842714
-1710871
-1447956
-1316113
-1118734
-987148
-789769
-658183
-526597
-394757
-263171
-197378
-131585
-65793
-1
-1
-3
-5
-262
-263
-779
-66574
-132113
-264213
-329752
-330524
-396577
-593702
-725290
-857135
-988724
-1055033
-1186367
-1318467
-1318983
-1516364
-1582418
-1779798
-1845850
-1977438
-1977954
-2109541
-2240873
-2307179
-2372974
-2438513
-2504306
-2504306
-2438513
-2504306
-2438513
-2438513
-2438513
-2438513
-2438513
-2438513
-2438513
-2438513
-2438513
-2438513
-2438513
-2438513
-2438513
-2438513
-2438513
-2438513
-2438513
-2438513
-2438513
-2438513
-2438513
-2438513
-2438513
-2438513
-2438513
-2438513
-2438513
-2438513
-2438513
-2438513
-2438513
-2438513
-2438513
-2438513
-2438513
-2438513
-2438513
-2438513
-2438513
-2438513
-2438513
-2438513
-2438513
-2438513
-2438513
-2438513
-2438513
-2438513
-2438513
-2438513
-2438513
-2438513
-2438513
-2438513
-2438513
-2438513
-2438513
-2438513
-2438513
-2438513
-2438513
-2438513
-2438513
-2438513
-2438513
-2438513
-2438513
-2438513
-2438513
-2438513
-2438513
-2438513
-2438513
-2438513
-2438513
-2438513
-2438513
-2438513
-2438513
-2438513
-2438513
-2438513
-2438513
-2438513
-2438513
-2438513
-2438513
-2438767
-2569840
-2569838
-2831981
-2832236
-3094123
-3094377
-3356519
-3487592
-3553124
-3684194
-3946337
-3946590
-4011868
-4274011
-4339546
-4339544
-4470614
-4535892
-4601939
-4601425
-4601679
-4535886
-4470091
-4338503
-4206917
-4010051
-3813184
-3550782
-3353403
-3090744
-2893879
-2631220
-2499634
-2368306
-2105904
-1974577
-1974577
-1777970
-1843509
-1843509
-1843769
-1909823
-1844547
-1910857
-1845581
-1845840
-1911896
-2043227
-2043745
-2175333
-2110570
-2176109
-2372974
-2504306
-2504306
-2635633
-2897776
-3159919
-3422061
-3618921
-3815267
-4142945
-4339291
-4536407
-4601939
-4536145
-4601679
-4535884
-4470091
-4404296
-4338758
-4272965
-4207170
-4076097
-3944511
-3878716
-3747130
-3681337
-3484469
-3418676
-3156273
-3090480
-2893614
-2827821
-2631212
-2499626
-2433833
-2368040
-2302505
-2171432
-2105639
-2105639
-1974569
-1974569
-1974571
-2040110
-2040111
-2040370
-2106165
-1975095
-2040889
-1975357
-2040898
-2041412
-1976135
-2041676
-2041936
-1976915
-2042456
-2042970
-2043229
-1977954
-2043748
-2044007
-2175595
-2241388
-2306927
-2372720
-2504306
-2504560
-2570353
-2570353
-2570353
-2636144
-2701937
-2767217
-2767217
-2833264
-2899057
-2899056
-2964849
-2964849
-3161458
-3227505
-3227505
-3293296
-3359089
-3424882
-3490416
-3556209
-3622001
-3622001
-3753074
-3819121
-3884914
-3950705
-4147314
-4147312
-4213359
-4213359
-4344431
-4410224
-4476271
-4607085
-4672878
-4738925
-4804205
-4869997
-4936044
-5001837
-5001835
-5132908
-5198955
-5395562
-5395562
-5461610
-5526890
-5658474
-5658728
-5658728
-5724519
-5855590
-5921383
-5987174
-6052967
-6118501
-6118247
-6184294
-6184292
-6315365
-6381158
-6381413
-6447206
-6447204
-6447204
-6512997
-6512995
-6644067
-6709860
-6709860
-6709860
-6775651
-6775651
-6775651
-6775653
-6775653
-6775653
-6775653
-6841192
-6841192
-6841194
-6644585
-6644585
-6579050
-6579050
-6513516
-6513518
-6447725
-6316655
-6250863
-6250865
-6119536
-5988722
-5988468
-5922676
-5857142
-5791349
-5791351
-5791351
-5660024
-5660024
-5725819
-5725819
-5725819
-5725819
-5725819
-5725819
-5791612
-5791612
-5857403
-5988732
-6054523
-6120316
-6251643
-6317434
-6514298
-6711164
-6711162
-6843002
-7105404
-7236731
-7302523
-7433850
-7499643
-7631227
-7828090
-7959162
-8091002
-8287611
-8353402
-8419193
-8484729
-8550520
-8616313
-8616313
-8681593
-8681593
-8681593
-8681593
-8681593
-8681593
-8681593
-8681593
-8681593
-8681593
-8681593
-8681593
-8681593
-8681593
-8681593
-8681593
-8681593
-8681593
-8681593
-8681593
-8681593
-8681593
-8681593
-8681593
-8681593
-8616313
-8616313
-8616315
-8484986
-8354172
-8354174
-8222847
-8092031
-8091776
-7960705
-7895171
-7829380
-7698309
-7436166
-7370632
-7370634
-7173513
-7042699
-6911372
-6780558
-6715024
-6715024
-6583696
-6583698
-6452628
-6386835
-6321555
-6321557
-6321557
-6321555
-6321557
-6321557
-6321555
-6321555
-6386835
-6387089
-6583698
-6649232
-6715024
-6780304
-6780558
-6977165
-7042699
-7173513
-7304841
-7436166
-7698309
-7895171
-7960705
-8091776
-8288381
-8288379
-8484986
-8616313
-8681593
-8681593
-8681593
-8616313
-8616313
-8616313
-8616315
-8550779
-8484986
-8419965
-8288381
-8288381
-8222847
-8092031
-8091776
-7960703
-7960705
-7895169
-7698308
-7698308
-7633029
-7566982
-7436166
-7370632
-7304841
-7239561
-7173513
-7173513
-7042699
-7042699
-7042701
-6977165
-6977165
-6977165
-6977165
-6977165
-6977165
-6977165
-6977165
-6977165
-6977165
-6977165
-6977165
-6977165
-6977165
-7042958
-7043212
-7108492
-7108492
-7108492
-7108492
-7108492
-7239308
-7305099
-7305099
-7305354
-7305354
-7436427
-7436428
-7436427
-7436425
-7502218
-7502218
-7567754
-7567754
-7567754
-7567752
-7698568
-7764361
-7829895
-7829895
-7829897
-7829895
-8026759
-8026759
-8026759
-8092039
-8092039
-8092037
-8092037
-8157573
-8157573
-8354180
-8354180
-8354180
-8354180
-8419460
-8419714
-8419714
-8419714
-8419714
-8616322
-8550529
-8550529
-8616322
-8616576
-8681856
-8681856
-8681856
-8681856
-8681854
-8681854
-8681854
-8681854
-8682108
-8682108
-8682108
-8682108
-8616315
-8616315
-8681593
-8681593
-8681593
-8681593
-8616055
-8353141
-8221555
-7958383
-7761004
-7366505
-6972519
-6643554
-6314848
-5985885
-5591897
-5263190
-4934484
-4802898
-4408912
-4277326
-4211533
-4211533
-4211533
-4211533
-4211533
-4211533
-4277324
-4473933
-4408910
-4605519
-4671566
-4803152
-4868944
-5131603
-5197396
-5328982
-5526102
-5657688
-5789274
-5920858
-6052444
-6380895
-6512479
-6644065
-6775651
-6775651
-6775651
-6841444
-6841444
-6841444
-6841444
-6907237
-6907237
-6907237
-6907237
-6973030
-6973030
-6973030
-6973030
-6973030
-7038823
-7038823
-7038825
-7038823
-7104616
-7104616
-7104616
-7104616
-7170409
-7170409
-7170409
-7236202
-7236202
-7236202
-7236202
-7301995
-7301997
-7301995
-7367788
-7367788
-7367788
-7367788
-7433581
-7433581
-7433581
-7499374
-7499374
-7499374
-7499374
-7565167
-7565167
-7565167
-7630960
-7630960
-7630960
-7565937
-7696753
-7696753
-7631730
-7762546
-7762546
-7762546
-7828339
-7828339
-7828339
-7894132
-7894132
-7894132
-7959925
-7959925
-7959925
-7894902
-8025718
-8025718
-7960695
-8091511
-8091511
-8026488
-8157304
-8157304
-8092281
-8223097
-8223097
-8158074
-8288890
-8288890
-8354683
-8354683
-8354683
-8420476
-8420476
-8420476
-8486269
-8486269
-8486269
-8552062
-8552062
-8617855
-8617855
-8617855
-8552832
-8552832
-8552832
-8618625
-8618625
-8618625
-8684418
-8684418
-8684418
-8750211
-8750211
-8750211
-8946820
-8946820
-8816004
-8881797
-8881543
-8881543
-8881797
-8947590
-8947590
-9013383
-9013383
-9079176
-9079176
-9209992
-9144969
-9275785
-9144969
-9341578
-9276555
-9276555
-9276555
-9342094
-9342348
-9407887
-9408141
-9473680
-9473934
-9539727
-9539727
-9605266
-9605520
-9671059
-9671313
-9736852
-9737106
-9802899
-9802899
-9868692
-9803156
-9934485
-9868949
-10000278
-9934742
-10066071
-10066071
-10065817
-10131864
-10131610
-10197657
-10197403
-10197657
-10263196
-10197916
-10263709
-10263709
-10329502
-10329502
-10329502
-10395295
-10395295
-10461088
-10526368
-10526881
-10592161
-10592161
-10592674
-10657954
-10658467
-10658467
-10723747
-10724260
-10724260
-10789540
-10790053
-10790053
-10855333
-10855846
-10855846
-10855846
-10921639
-10921639
-10921639
-10987432
-10987432
-10987432
-10987432
-11053225
-11053225
-11053225
-11119018
-11119018
-11119018
-11119018
-11184811
-11184811
